3476746076440
3476717459862
3476599031482
3476708670890
3476605427863
3476511989720
3476579776266
3476613146806
3476728273365
3476738974265
3476549234760
3476625390621
3476743255291
3476682118366
3476703591970
3476645535964
3476609592233
3476746054196
3476662334713
3476658840830
3476631005723
3476675552131
3476635715953
3476682844013
3476688412023
3476714406462
3476589240196
3476532908344
3476574887091
3476634305112
3476523023942
3476578319243
3476641802934
3476683693560
3476687999750
3476517710531
3476637657376
3476611367704
3476648962780
3476565953996
3476506206740
3476610420080
3476690881474
3476640002622
3476724098181
3476560949120
3476664461715
3476581411520
3476506074824
3476659997964
3476747267804
3476640826644
3476599971232
3476695640923
3476675271176
3476521141520
3476641606794
3476501706185
3476573653576
3476665185296
3476663091982
3476650151536
3476686553821
3476554278294
3476609793806
3476735577210
3476725633875
3476521898394
3476711279343
3476575384545
3476728678080
3476607499224
3476506709496
3476551140964
3476626647453
3476615316160
3476603021315
3476500215361
3476640411666
3476532944735
3476659219801
3476640639796
3476718195386
3476631660652
3476529161350
3476734386720
3476543745342
3476597847073
3476630017560
3476614454950
3476682504854
3476525852992
3476650742171
3476691319735
3476692848605
3476660820823
3476711231226
3476729492354
3476578228225
3476534380146
3476535542690
3476548716663
3476546807745
3476723142471
3476722951073
3476516608503
3476521333862
3476505906930
3476689975866
3476561864440
3476500958061
3476594174130
3476527357554
3476643422761
3476612986506
3476507414983
3476515151995
3476512222793
3476535396853
3476556790926
3476625684585
3476688508842
3476689389451
3476690255245
3476607466814
3476657281081
3476573403073
3476651588715
3476632285375
3476702009636
3476648536611
3476674834823
3476517892276
3476623842720
3476733553176
3476536181815
3476504624643
3476649380190
3476502607934
3476653593052
3476717763355
3476581140952
3476584302170
3476687216520
3476548518204
3476624806191
3476686805006
3476690136044
3476561145145
3476674467813
3476701168726
3476548422270
3476682827703
3476639023383
3476519079153
3476515466051
3476647061203
3476536867903
3476627566903
3476522242654
3476660238274
3476621086696
3476711810801
3476502652201
3476661737491
3476585631093
3476727847031
3476698094974
3476523794816
3476521297191
3476606534310
3476635235123
3476663580862
3476604506462
3476601766924
3476717730035
3476583110700
3476595188516
3476615343460
3476636827772
3476692023235
3476564080446
3476688174863
3476510158231
3476700339883
3476690782932
3476580716070
3476643558272
3476531490451
3476718817232
3476716205146
3476532655556
3476535469881
3476533156135
3476640168513
3476686563323
3476529951763
3476644733974
3476584972481
3476623569526
3476690285731
3476593642051
3476735584804
3476612801182
3476681903956
3476723797093
3476665375102
3476561079205
3476704275746
3476583300610
3476703801785
3476663392946
3476510417021
3476686871086
3476749098785
3476675139944
3476544634701
3476572792515
3476709881312
3476614548976
3476681299481
3476624770823
3476531449185
3476516133255
3476598064572
3476692159351
3476654604333
3476697392350
3476640958262
3476705910431
3476631603313
3476528516982
3476684205294
3476714037553
3476635782742
3476721155302
3476582124102
3476622588546
3476528848965
3476620848811
3476704523564
3476518238426
3476526664676
3476550191414
3476714669994
3476627241762
3476511750984
3476672710332
3476560680293
3476741440986
3476632626336
3476727629654
3476517015851
3476541055741
3476662217725
3476747257934
3476620266621
3476666522953
3476725962744
3476646488734
3476610601816
3476549983961
3476728629211
3476725883583
3476554244256
3476734114883
3476614486362
3476547961031
3476550917944
3476659425531
3476599359073
3476676949846
3476598812373
3476663574440
3476674733481
3476691150204
3476563474045
3476624827681
3476564547416
3476625168651
3476518467335
3476736428286
3476640218283
3476612928266
3476749741324
3476681626643
3476748540151
3476701400611
3476642446672
3476736572276
3476678589011
3476732357411
3476642604066
3476737550020
3476650493811
3476623830102
3476670315763
3476709062750
3476502688653
3476517736562
3476583492952
3476686034850
3476567471160
3476677820463
3476739002213
3476625878695
3476639748985
3476545228161
3476667913171
3476688119046
3476528249591
3476628200911
3476579561393
3476634386364
3476634945061
3476547102795
3476692540571
3476708340384
3476570003471
3476536552194
3476557432004
3476578548170
3476500579404
3476710970433
3476639963370
3476596245875
3476626386685
3476512659130
3476518377193
3476569260010
3476679559665
3476547906946
3476669597861
3476644363482
3476544452184
3476705084124
3476610695722
3476678707503
3476597193946
3476735434444
3476540243172
3476621779312
3476711281032
3476709661661
3476626390440
3476677045870
3476618005655
3476560392645
3476736148216
3476674824874
3476660996146
3476676392436
3476535043405
3476699721530
3476652082276
3476720123055
3476592194293
3476748146916
3476592223431
3476635953104
3476663144893
3476540086521
3476535579404
3476584860472
3476540230030
3476677015000
3476619683214
3476636098844
3476629285762
3476600873496
3476524277816
3476729147753
3476612663176
3476647292361
3476562804330
3476682501923
3476541071631
3476721198492
3476640889793
3476534005673
3476578307982
3476634450721
3476611130395
3476552186904
3476639559924
3476662716974
3476546115034
3476678350433
3476628250575
3476672007943
3476621928491
3476579406334
3476590461154
3476573815233
3476506897315
3476668407441
3476623055911
3476721683154
3476574875724
3476553594534